0 -120
5 -125
15 -128
25 -125
30 -118
32 -108
30 -100
25 -95
28 -90
30 -82
28 -75
22 -70
18 -68
20 -62
25 -55
28 -48
25 -42
18 -40
12 -42
8 -38
5 -30
3 -20
0 -10
-2 0
0 10
5 20
12 28
18 35
22 45
20 55
15 65
18 75
25 85
30 95
28 105
22 110
15 112
8 115
0 118
-8 115
-15 112
-22 110
-28 105
-30 95
-25 85
-18 75
-15 65
-20 55
-22 45
-18 35
-12 28
-5 20
0 10
2 0
0 -10
-3 -20
-5 -30
-8 -38
-12 -42
-18 -40
-25 -42
-28 -48
-25 -55
-20 -62
-18 -68
-22 -70
-28 -75
-30 -82
-28 -90
-25 -95
-30 -100
-32 -108
-30 -118
-25 -125
-15 -128
-5 -125
0 -120
